family id FT10
108 108 70
139 139 68.75
159 159 72
265 265 63.5
350 350 68.5
351 351 69.25
403 403 63.5
410 410 76
424 424 83.25
428 428 75.75
630 630 73.5
763 763 65.75
768 768 76.5
801 801 94.75
870 870 72.5
915 915 63.75
932 932 78
997 997 101.25
1002 1002 102.75
1158 1158 98.75
1317 1317 104.25
1829 1829 94.75
1872 1872 80.25
1890 1890 101
1925 1925 89.5
1954 1954 93
2016 2016 77.5
2171 2171 79
2202 2202 97.75
2276 2276 83
2278 2278 79.25
2317 2317 77
4779 4779 68.6666666667
4807 4807 79.75
4826 4826 60
4884 4884 70.25
4958 4958 91.25
5023 5023 61
5104 5104 60
5151 5151 81.75
5210 5210 96
5236 5236 58.5
5276 5276 74.5
5349 5349 92
5353 5353 71
5486 5486 60.5
5577 5577 66.75
5644 5644 60.75
5720 5720 92
5726 5726 74
5741 5741 97.25
5748 5748 60.75
5768 5768 96.25
5772 5772 66.75
5779 5779 90.5
5784 5784 101.75
5800 5800 61.75
5811 5811 72
5822 5822 112.75
5831 5831 99.5
5837 5837 80.5
5874 5874 78
5890 5890 78.25
5893 5893 73.75
5907 5907 66.5
5921 5921 82.5
5950 5950 81.25
5984 5984 66.75
5993 5993 82.5
6008 6008 73.5
6009 6009 103
6017 6017 96.5
6020 6020 94
6024 6024 106.75
6038 6038 91.25
6041 6041 78.75
6064 6064 103.6666666667
6086 6086 100.5
6097 6097 114.5
6099 6099 117
6106 6106 102
6107 6107 119
6108 6108 78.75
6111 6111 111.75
6133 6133 111.75
6137 6137 92.5
6138 6138 97
6140 6140 98.75
6145 6145 116
6148 6148 105
6169 6169 116
6174 6174 100
6177 6177 99
6194 6194 110.5
6195 6195 83.75
6198 6198 88.25
6201 6201 94.25
6203 6203 108
6217 6217 111.25
6218 6218 124
6220 6220 103
6240 6240 98.25
6241 6241 96.25
6268 6268 115
6284 6284 117.5
6296 6296 75
6390 6390 71.75
6424 6424 77
6434 6434 62.75
6445 6445 67
6680 6680 99.25
6744 6744 63.25
6900 6900 116
6907 6907 72
6908 6908 66
6909 6909 70.5
6911 6911 62.75
6923 6923 57
6933 6933 63.75
6943 6943 60.75
6944 6944 63.75
6957 6957 81.25
6960 6960 55
6966 6966 62.25
6970 6970 62.5
6971 6971 66.25
6973 6973 77.25
6974 6974 108.75
6976 6976 71.25
6979 6979 54.75
6989 6989 78.25
6992 6992 68
7013 7013 63
7028 7028 57.5
7033 7033 78.75
7058 7058 87.25
7067 7067 58.75
7094 7094 67.25
7102 7102 87.25
7103 7103 62.25
7106 7106 76.5
7107 7107 67.25
7119 7119 65.5
7161 7161 61.25
7164 7164 69.75
7165 7165 71.5
7169 7169 82.5
7186 7186 75
7202 7202 63
7218 7218 75
7231 7231 65.75
7244 7244 68
7248 7248 71.5
7250 7250 58
7282 7282 62.5
7288 7288 82.5
7296 7296 84.25
7316 7316 81.25
7320 7320 80.75
7322 7322 76.5
7327 7327 64.5
7328 7328 56.25
7346 7346 78.25
7350 7350 80
7353 7353 86
7354 7354 100.25
7372 7372 83
7373 7373 81.25
7377 7377 75.75
7384 7384 76.25
7396 7396 61.5
7404 7404 68.5
7413 7413 69.25
7418 7418 63.5
7424 7424 57.75
7427 7427 101
7461 7461 68
7477 7477 74
7515 7515 73.75
7517 7517 115
7521 7521 70.75
7717 7717 82.75
7917 7917 82.25
8077 8077 70
8132 8132 74
8231 8231 100.75
8233 8233 75.5
8234 8234 102.6666666667
8235 8235 74.5
8236 8236 74
8238 8238 79.5
8239 8239 56
8244 8244 90.5
8246 8246 70.5
8247 8247 98
8259 8259 88
8264 8264 65.5
8284 8284 83.25
8290 8290 63.25
8297 8297 85.75
8334 8334 74.75
8337 8337 74
8343 8343 81.25
8351 8351 103
8357 8357 71.75
8365 8365 74
8366 8366 78.3333333333
8386 8386 75
8419 8419 94.25
8424 8424 68.25
9067 9067 101.75
9075 9075 93.25
9078 9078 100.25
9079 9079 101
9081 9081 91.25
9084 9084 103.75
9085 9085 103
9089 9089 88.6666666667
9091 9091 99.75
9095 9095 104
9099 9099 100.25
9100 9100 77.5
9102 9102 83.75
9103 9103 83.25
9104 9104 60.75
9105 9105 77.25
9106 9106 87.25
9111 9111 100.5
9113 9113 76
9114 9114 99.75
9115 9115 91.25
9121 9121 105.25
9125 9125 74
9128 9128 69.5
9130 9130 72.75
9131 9131 72.5
9133 9133 73.25
9134 9134 79.75
9298 9298 60
9312 9312 75.25
9314 9314 74.25
9321 9321 106.75
9386 9386 115.5
9388 9388 127.25
9404 9404 95
9405 9405 103.5
9408 9408 108.25
9409 9409 108.25
9421 9421 107
9433 9433 138
9451 9451 107.5
9503 9503 64
9506 9506 77.75
9507 9507 55
9508 9508 62
9509 9509 64.5
9510 9510 59.25
9511 9511 64.25
9512 9512 51.25
9513 9513 71.75
9514 9514 72.5
9515 9515 56.25
9517 9517 64
9518 9518 92
9519 9519 77.25
9520 9520 113.5
9521 9521 69.75
9522 9522 59
9523 9523 86.75
9524 9524 97.25
9525 9525 91.75
9526 9526 65
9527 9527 86.25
9529 9529 65
9530 9530 90.5
9531 9531 91
9532 9532 106
9533 9533 89
9534 9534 69.75
9535 9535 93.5
9537 9537 64.25
9540 9540 75.25
9541 9541 68.5
9542 9542 90
9543 9543 94.3333333333
9544 9544 57.25
9545 9545 83.5
9547 9547 79.25
9549 9549 91
9550 9550 130.25
9551 9551 102
9553 9553 100.75
9554 9554 94
9556 9556 76.25
9557 9557 107.25
9558 9558 96.5
9559 9559 56.75
9560 9560 69.25
9561 9561 101
9562 9562 93.25
9565 9565 74.5
9567 9567 113
9568 9568 103.75
9569 9569 99
9573 9573 70.25
9576 9576 106
9577 9577 99.5
9578 9578 75.25
9579 9579 77
9581 9581 111
9582 9582 95.75
9583 9583 96.75
9584 9584 88.5
9585 9585 52.25
9587 9587 101
9588 9588 85
9590 9590 51.25
9591 9591 67
9592 9592 95
9593 9593 109.5
9594 9594 95
9595 9595 80.5
9596 9596 73
9597 9597 69.75
9598 9598 87
9599 9599 84.75
9600 9600 89.5
9601 9601 97
9602 9602 77.25
9606 9606 63
9607 9607 88.75
9608 9608 58
9609 9609 74.5
9610 9610 82.25
9611 9611 73.5
9612 9612 86.5
9613 9613 81.75
9615 9615 85.75
9616 9616 93.5
9617 9617 70.75
9619 9619 77.3333333333
9620 9620 89.75
9621 9621 92
9622 9622 92
9624 9624 79.5
9626 9626 77.3333333333
9627 9627 90.5
9628 9628 78.5
9629 9629 98
9630 9630 84.75
9631 9631 98.5
9632 9632 92
9633 9633 88.25
9634 9634 91
9636 9636 109.75
9637 9637 81.25
9638 9638 88.25
9639 9639 78
9640 9640 92.75
9642 9642 95.5
9644 9644 76.75
9645 9645 77.5
9646 9646 62.5
9647 9647 67.75
9648 9648 60
9649 9649 76.25
9651 9651 64
9653 9653 59.5
9655 9655 79
9656 9656 78.25
9658 9658 71.3333333333
9659 9659 71.25
9660 9660 53.25
9661 9661 55.25
9663 9663 69.75
9665 9665 85.5
9666 9666 86.5
9668 9668 82.5
9669 9669 81
9673 9673 87.5
9678 9678 69
9679 9679 69.25
9680 9680 62.75
9681 9681 66.25
9682 9682 77.75
9683 9683 64
9684 9684 84
9690 9690 75.5
9693 9693 68.5
9696 9696 77.5
9697 9697 77.5
9698 9698 81
9699 9699 74.25
9701 9701 85.5
9703 9703 76.5
9704 9704 75.5
9705 9705 71.3333333333
9706 9706 95.25
9707 9707 80.5
9708 9708 89
9709 9709 82
9710 9710 80.5
9711 9711 75
9712 9712 77
9713 9713 75.25
9714 9714 80.75
9717 9717 90.25
9719 9719 72.5
9720 9720 100.75
9721 9721 77.5
9722 9722 99.5
9723 9723 76
9725 9725 61.25
9726 9726 67
9727 9727 61.25
9728 9728 77.5
9729 9729 96.75
9730 9730 89
9731 9731 92.5
9732 9732 82
9733 9733 80
9735 9735 85.5
9736 9736 78
9737 9737 85.75
9738 9738 79
9739 9739 86
9741 9741 88
9743 9743 79.5
9744 9744 78.75
9745 9745 79.5
9747 9747 86
9748 9748 81
9749 9749 74.75
9755 9755 88.75
9756 9756 88.75
9757 9757 93.75
9759 9759 61.5
9762 9762 95.5
9768 9768 74.5
9769 9769 66.5
9770 9770 67
9771 9771 62.5
9772 9772 67
9774 9774 68
9775 9775 60
9776 9776 65.25
9777 9777 66.5
9778 9778 71.5
9779 9779 63.25
9780 9780 72.25
9781 9781 60
9782 9782 63.25
9783 9783 76.5
9784 9784 60.25
9785 9785 63.25
9786 9786 64.75
9788 9788 62.5
9789 9789 65
9790 9790 66.75
9791 9791 65.3333333333
9792 9792 62.75
9793 9793 62
9794 9794 69.25
9795 9795 57.75
9796 9796 73.5
9797 9797 69
9798 9798 65.25
9799 9799 66.25
9800 9800 68.5
9801 9801 62
9802 9802 69.75
9803 9803 63
9804 9804 65.75
9805 9805 70.5
9806 9806 67
9807 9807 67.5
9808 9808 75.25
9809 9809 74.75
9811 9811 69.75
9812 9812 67.75
9813 9813 65.75
9814 9814 71.5
9815 9815 72.5
9816 9816 63
9817 9817 64.25
9819 9819 98
9821 9821 79.5
9823 9823 63
9824 9824 115.5
9825 9825 68.5
9826 9826 77
9827 9827 69.25
9828 9828 82.25
9830 9830 61.5
9831 9831 86.25
9832 9832 97
9833 9833 75.75
9834 9834 75
9835 9835 81.75
9838 9838 73.5
9839 9839 102.75
9840 9840 100.5
9841 9841 77.75
9843 9843 62.75
9844 9844 89.25
9845 9845 77.5
9846 9846 116
9848 9848 85.75
9849 9849 99
9850 9850 95.5
9851 9851 119.5
9852 9852 76.25
9853 9853 56.75
9854 9854 58.75
9855 9855 73
9856 9856 75.25
9858 9858 120.75
9859 9859 76.25
9860 9860 80.75
9861 9861 107.5
9862 9862 67.5
9864 9864 63.25
9866 9866 104.75
9867 9867 101.75
9868 9868 70.25
9870 9870 100.5
9871 9871 105
9873 9873 66.75
9874 9874 68.75
9875 9875 63.75
9876 9876 87.25
9878 9878 113.25
9879 9879 68.5
9880 9880 91.5
9881 9881 82
9882 9882 78.5
9883 9883 60
9885 9885 116.25
9886 9886 85.75
9888 9888 86.25
9890 9890 96
9892 9892 88.5
9894 9894 88.25
9895 9895 75.75
9897 9897 81
9898 9898 97.75
9899 9899 70.75
9900 9900 53
9901 9901 117
9902 9902 98
9903 9903 108
9904 9904 107.5
9905 9905 89.75
9906 9906 88
9908 9908 65.25
9909 9909 87
9911 9911 66
9915 9915 84.25
9918 9918 81.25
9920 9920 64
9921 9921 64.5
9924 9924 66.5
9927 9927 87.75
9928 9928 83.5
9929 9929 85.25
9930 9930 75.75
9933 9933 76.75
9937 9937 67
9938 9938 67.25
9939 9939 75.25
9941 9941 70
9942 9942 65.6666666667
9943 9943 74
9944 9944 75.75
9945 9945 113.5
9946 9946 61.5
9947 9947 104.5
9949 9949 76.75
9950 9950 99
9951 9951 98.75
9952 9952 86
9953 9953 88
9957 9957 83.75
9958 9958 82
9959 9959 81.5
9960 9960 82.5
9962 9962 78
9963 9963 75
9964 9964 70
9965 9965 70.5
9966 9966 90.5
9968 9968 66.75
9969 9969 68.75
9970 9970 86.5
9972 9972 63
9973 9973 94.25
9976 9976 79
9979 9979 82.5
9980 9980 68.5
9981 9981 69.25
9982 9982 85.5
9983 9983 63
9984 9984 65.75
9985 9985 71
9987 9987 91
9988 9988 95.5
9990 9990 83.75
9991 9991 90.5
9993 9993 97.75
9995 9995 64.25
9996 9996 61.3333333333
9997 9997 70.25
9998 9998 68
9999 9999 72
10001 10001 68.75
10002 10002 61
10006 10006 113.5
10008 10008 79.25
10009 10009 80.75
10010 10010 85
10011 10011 71
10012 10012 113.5
10013 10013 92.25
10014 10014 96.75
10015 10015 69.75
10017 10017 87.5
10018 10018 90
10020 10020 72.5
10022 10022 73.5
10023 10023 96.25
